0.26285218221586287
0.48004934361291124
0.36403015310530601
0.20448273213315535
0.27346768181443271
0.3176915512469814
0.46979892639954551
0.21997661834065788
0.52100758608816078
0.21413808439388521
0.29195088339764386
0.2210007496459519
0.52636334058634926
0.34625918826727359
0.23288348538746687
0.23801842555610195
0.51405339387756843
0.38699689136198867
0.33938187781857415
0.11479209737784576
0.12852749122373464
0.38613240263046605
0.2028634590542843
0.28679765924625095
0.3501560261931061
0.40922683679427274
0.31072308791129755
0.50412217027128658
0.27404117049165799
0.47389918076052195
0.18597116619705492
0.44465095566459617
0.18340384594190084
0.50114568034277229
0.24030393416052812
0.21291597122233094
0.35505900857422218
0.32810023306856162
0.32503979171025577
0.20623461290429027
0.35040930689488514
0.3063895758793363
0.19042034183302003
0.5120631834181012
0.3174320922981731
0.29423920368158835
0.25556962574170689
0.18611069244743936
0.33259767911931465
0.31574809070050769
