0.13817951141189924
0.17939404517451329
0.1959652001050366
0.12443474363092222
0.30843526257117243
0.37405032750169526
0.15743131429760984
0.089826507327281202
0.18621909233218428
0.21268849435382137
0.15367818775064579
0.32387224477119919
0.4397860538604012
0.18525074474639672
0.18513545960722064
0.32187836692259109
0.28715740745588469
0.095401685600720404
0.19260066244916968
0.22009446067633576
0.34452757366678621
0.20014635774355938
0.3371830727528547
0.43759453161564682
0.16914061266869504
0.12737272243674375
0.12912016045704885
0.31715546134322509
0.2577884324325867
0.14572414739512657
0.36954145296473401
0.35869833371989718
0.27622875400843477
0.38198283077959372
0.21774825046847546
0.16916836166076171
0.20111777633936295
0.094775963746182176
0.32103396389195277
0.10137109932998152
0.45568990718085317
0.2260983414108417
0.14624520401807875
0.060238209980973657
0.16942832002833974
0.27394964936343186
0.10906247574153034
0.61158181504244713
0.32583142648930014
0.14711810434168734
