0.27272669714544967
0.41571789925505293
0.53461472076011085
0.7578741920684392
0.56567534753991899
0.64560751617121337
0.40848609394127761
0.49781284011340288
0.58523674640377465
0.61692008233151219
0.367478290804094
0.48082485734903685
0.49988878900948885
0.46587749699957048
0.24517843915665224
0.420941607232245
0.3901049529256907
0.48692263402266245
0.26808456650475215
0.55085039563943594
0.4652776549405358
0.2686755152606406
0.40554050183294182
0.61188960021474992
0.48902198337518843
0.6800785779748999
0.40038812150745001
0.25822754923478952
0.57881258532505853
0.56640738839337934
0.3053646277180343
0.47169380084316559
0.21762348027316636
0.41854984120095873
0.52848683175895428
0.42423157624338376
0.25500421685762531
0.32737390512315312
0.63567121146180694
0.29112673801804945
0.17537303598015988
0.4033323626936024
0.33375554466254387
0.51643841232022292
0.15993714543824217
0.58792225953166544
0.39579412680404302
0.37062160597032517
0.32929673322899039
0.57994618443867363
