0.20906800867068001
0.15671778128614916
0.27241470458058076
0.15334063345122234
0.19555007626720092
0.14718989628817511
0.32758911220368314
0.16375878885982259
0.15122931410887722
0.14217426166016217
0.31063643828356347
0.17689432107292924
0.27974220104391956
0.41842597967042633
0.32941283268019161
0.24470644182999288
0.34221230467810343
0.1750888956250167
0.36892111451912274
0.089139740761018799
0.2998411619585552
0.51793875500693476
0.087642707215054849
0.51033627910137691
0.067659144329440507
0.19554980846237696
0.13014080017958327
0.098555936165194397
0.16221110360314628
0.017281385063380623
0.23127407798349747
0.3593595927210172
0.2301056103731485
0.21989667722015818
0.13826489228467212
0.29574914374583561
0.17741482911881593
0.35283267298151683
0.25986273017571659
0.21588261634985503
0.104940299546867
0.15798184175823907
0.38263179790599022
0.089872647338013631
0.31710391968647939
0.10842344054553266
0.44516573566461559
0.29455934766120201
0.16018563126080934
0.091199027693908266
