0.53593780915227562
0.48268184508038159
0.3002294512018619
0.23686306376280966
0.39780247077012953
0.21556255581243314
0.19390874000195707
0.43455153064849888
0.16371208728894102
0.14565853517837549
0.23833071879879461
0.18476603057926197
0.42434376273332491
0.57174811475521181
0.53118786308595189
0.31216842289465646
0.82236375994697908
0.35341551935266868
0.43581653802913589
0.52214116952839218
0.48173985452834955
0.38826390647262754
0.48711211990699338
0.65222850534075971
0.29050206721336902
0.16220843070671384
0.42679824311413916
0.58046231445638541
0.27009024193045322
0.56695007358206406
0.31518678927947474
0.375176374506693
0.23882935418878673
0.3838888348403573
0.28075405469131337
0.58540130947166769
0.33986753362180772
0.19480537445736254
0.27511946210308469
0.31727010665320632
0.58257211840172562
0.42603167254283758
0.23563751372278835
0.47740634829942807
0.40255856241619303
0.36912287622966777
0.29026459354800027
0.53984034202855424
0.26890088339387308
0.22875359164247921
