0.25037080163320702
0.14233129143670001
0.21673363379721575
0.08256729128543383
0.32843352737832415
0.20434481567077656
0.17025147627234183
0.38875082425141588
0.20692491259122467
0.26005335507783234
0.32761773294356583
0.17464754480943981
0.27470992049021919
0.3942031668737675
0.11683012002410396
0.40096425860822843
0.17303046909788597
0.18683643638204772
0.28248800247482025
0.10424802106381105
0.10387302633927094
0.2161606896282372
0.61493940470916453
0.39253132318848294
0.42393355116187137
0.22478065629246266
0.35988423671778508
0.32804267703652518
0.42170217034605784
0.24019968591055801
0.18006739629410137
0.3685172644966056
0.23945715952855881
0.1949594714622456
0.27583758607860664
0.25463740950765301
0.32150765054819225
0.24057295977235632
0.27981181802017258
0.30107228726828866
0.2825921282752355
0.23313866178257947
0.17341958996640225
0.21610962486157789
0.023009479013496714
0.21583880795605409
0.15617405802582979
0.24832781780605773
0.18339253560427213
0.21932753679682906
